3,2
3,1
3,3
10,300
10,122
10,180
10,24
10,200
10,168
10,162
8,11
8,10
8,5
8,6
8,2
8,3
12506,3
12506,2
12506,1
12506,0
10873,14
10873,10
10873,6
10873,4
10873,3
10873,1
10857,3
10857,1
10855,3
10855,1
10689,3
10689,1
20,3
20,2
20,1
19,3
19,2
19,1
14,5
14,4
14,2
14,0
12,3
12,2
12,1
11,30
11,29
11,28
11,27
11,26
11,25
11,24
11,23
11,21
11,20
11,19
11,18
11,17
11,16
11,14
11,12
11,11
11,10
11,9
11,8
11,6
11,5
11,4
11,3
11,2
11,1
18,1
10,311
18,3
10,297
10,296
14,1
10,288
10,279
10,276
14,3
10,275
13,1
10,272
13,3
10,266
10,265
10,262
10,254
10,238
10,235
10,231
10,230
10,225
10,223
10,216
10,196
10,185
10,155
10,137
10,134
10,128
10,124
10,115
10,112
2,2
10,107
2,1
10,103
2,3
10,64
10,34
10,31
10,26
10,18
10,14
