10,185
10,115
10,265
10,275
10,31
10,231
10,107
10,223
11,11
11,8
8,15
8,16
12506,3
12506,2
12506,1
12506,0
10689,3
10689,1
20,3
20,2
20,1
19,3
19,2
19,1
18,3
18,1
14,5
14,4
14,3
14,2
14,1
14,0
13,3
13,1
12,3
12,2
12,1
11,30
11,29
11,28
11,26
11,25
11,24
11,23
11,21
11,20
11,19
11,16
11,14
11,10
11,9
11,6
11,5
11,4
11,3
11,2
11,1
10,311
10,297
10,296
10,288
10,279
10,262
10,238
10,235
10,230
10,225
10,196
10,155
10,137
10,134
10,128
10,124
10,112
10,103
10,64
10,34
10,26
10,18
10,14
10,3
10,2
10,1
9,7
9,6
9,5
9,4
9,3
9,2
9,1
8,18
8,17
8,14
8,13
8,12
8,11
8,10
8,9
8,8
8,7
8,5
8,4
8,3
8,2
8,1
3,3
3,2
3,1
2,3
2,2
2,1
0,574
0,573
0,570
